     0/299     4.82G   0.04467    0.1571         0    0.2018         5       800 0.0003748   0.01284  7.61e-06 1.976e-06    0.1085   0.01678         0
     1/299      4.8G   0.03994  0.009293         0   0.04923         3       800  0.001771    0.1299 0.0002528 4.842e-05    0.1017   0.01959         0
     2/299      4.8G   0.03218  0.007841         0   0.04002         4       800     0.499    0.5232    0.4726    0.1588    0.1005   0.01549         0
     3/299      4.8G   0.02612  0.005709         0   0.03183         1       800     0.693    0.6745     0.703    0.3581   0.09635    0.0149         0
     4/299      4.8G   0.02289  0.005267         0   0.02815         0       800    0.8003    0.7301    0.8101    0.4679   0.09489   0.01372         0
     5/299      4.8G   0.02058    0.0046         0   0.02518         3       800    0.8111    0.7947    0.8508     0.548   0.09365   0.01214         0
     6/299      4.8G   0.01973  0.004082         0   0.02381         5       800    0.8609    0.7864    0.8729    0.5691   0.09339   0.01159         0
     7/299      4.8G    0.0182  0.003717         0   0.02192         4       800    0.8371    0.8239    0.8835    0.6023   0.09287   0.01171         0
     8/299      4.8G   0.01747  0.003578         0   0.02104        14       800    0.8855    0.8368    0.9026    0.5959   0.09289   0.01164         0
     9/299      4.8G   0.01669  0.003479         0   0.02017         5       800    0.9092    0.8302    0.9075     0.617   0.09252   0.01168         0
    10/299      4.8G   0.01622  0.003346         0   0.01957         7       800    0.9086    0.8327    0.9145    0.6183   0.09256   0.01148         0
    11/299      4.8G   0.01555  0.003296         0   0.01885         9       800    0.8948     0.838    0.9099    0.6394    0.0921   0.01147         0
    12/299      4.8G   0.01537   0.00321         0   0.01858        14       800    0.8857    0.8597    0.9161    0.6418   0.09209   0.01141         0
    13/299      4.8G   0.01491  0.003119         0   0.01803         3       800    0.9338    0.8658    0.9315    0.6728   0.09168   0.01115         0
    14/299      4.8G   0.01457  0.003029         0    0.0176         1       800    0.9315    0.8754    0.9292    0.6686   0.09185   0.01126         0
    15/299      4.8G    0.0144  0.002972         0   0.01737        11       800    0.9422    0.8644    0.9312    0.6726   0.09198   0.01124         0
    16/299      4.8G   0.01409  0.002943         0   0.01703         6       800    0.9151    0.8858    0.9413    0.6927   0.09147   0.01103         0
    17/299      4.8G   0.01405  0.002877         0   0.01693         7       800    0.9404    0.8792    0.9467    0.6923   0.09152   0.01128         0
    18/299      4.8G   0.01379  0.002919         0   0.01671         6       800    0.9327    0.8735    0.9361    0.6889   0.09153   0.01158         0
    19/299      4.8G   0.01354  0.002858         0    0.0164         6       800     0.931    0.8873    0.9412    0.6869   0.09157   0.01135         0
    20/299     4.47G   0.01333  0.002861         0   0.01619         5       800     0.936    0.8991    0.9472    0.6975   0.09135   0.01121         0
    21/299     4.66G   0.01332  0.002789         0   0.01611         3       800    0.9508     0.891    0.9492    0.6956   0.09142   0.01143         0
    22/299     4.48G   0.01273    0.0027         0   0.01543         5       800    0.9442    0.9034    0.9502    0.7062   0.09117    0.0113         0
    23/299     4.66G   0.01252  0.002673         0    0.0152         3       800    0.9379    0.8914    0.9492    0.7024   0.09132   0.01148         0
    24/299     4.66G   0.01289  0.002731         0   0.01563         4       800    0.9458    0.8877    0.9492    0.7008   0.09127   0.01134         0
    25/299     4.66G   0.01273  0.002702         0   0.01543         1       800    0.9429    0.9038    0.9532    0.7166   0.09102   0.01127         0
    26/299     4.66G   0.01258  0.002657         0   0.01524         0       800    0.9627    0.8714    0.9494    0.7014   0.09124   0.01144         0
